[[-40.  40.  40.  40.  40.  80.  15.   0.   0.   0.  80.  17.   0.   0.
    0.  80.  16.   0.   0.   0.  80.  16.   0.   0.   0.]
 [ 40. -40.  40.  40.  40.   0.  40.  15.   0.   0.   0.  40.  17.   0.
    0.   0.  40.  16.   0.   0.   0.  40.  16.   0.   0.]
 [ 40.   0. -40.  40.  40.   0.   0.  40.  15.   0.   0.   0.  40.  17.
    0.   0.   0.  40.  16.   0.   0.   0.  40.  16.   0.]
 [ 40.   0.   0. -40.  40.   0.   0.   0.  40.  15.   0.   0.   0.  40.
   17.   0.   0.   0.  40.  16.   0.   0.   0.  40.  16.]
 [ 40.   0.   0.   0. -40.  15.   0.   0.   0.  40.  17.   0.   0.   0.
   40.  16.   0.   0.   0.  40.  16.   0.   0.   0.  40.]
 [  0.  15.   0.   0.   0. -40.  40.  40.  40.  40.  80.   3.   0.   0.
    0.  80.  17.   0.   0.   0.  80.   4.   0.   0.   0.]
 [  0.   0.  15.   0.   0.  40. -40.  40.  40.  40.   0.  40.   3.   0.
    0.   0.  40.  17.   0.   0.   0.  40.   4.   0.   0.]
 [  0.   0.   0.  15.   0.  40.   0. -40.  40.  40.   0.   0.  40.   3.
    0.   0.   0.  40.  17.   0.   0.   0.  40.   4.   0.]
 [  0.   0.   0.   0.  15.  40.   0.   0. -40.  40.   0.   0.   0.  40.
    3.   0.   0.   0.  40.  17.   0.   0.   0.  40.   4.]
 [ 15.   0.   0.   0.   0.  40.   0.   0.   0. -40.   3.   0.   0.   0.
   40.  17.   0.   0.   0.  40.   4.   0.   0.   0.  40.]
 [  0.  17.   0.   0.   0.   0.   3.   0.   0.   0. -40.  40.  40.  40.
   40.  80.  15.   0.   0.   0.  80.   3.   0.   0.   0.]
 [  0.   0.  17.   0.   0.   0.   0.   3.   0.   0.  40. -40.  40.  40.
   40.   0.  40.  15.   0.   0.   0.  40.   3.   0.   0.]
 [  0.   0.   0.  17.   0.   0.   0.   0.   3.   0.  40.   0. -40.  40.
   40.   0.   0.  40.  15.   0.   0.   0.  40.   3.   0.]
 [  0.   0.   0.   0.  17.   0.   0.   0.   0.   3.  40.   0.   0. -40.
   40.   0.   0.   0.  40.  15.   0.   0.   0.  40.   3.]
 [ 17.   0.   0.   0.   0.   3.   0.   0.   0.   0.  40.   0.   0.   0.
  -40.  15.   0.   0.   0.  40.   3.   0.   0.   0.  40.]
 [  0.  16.   0.   0.   0.   0.  17.   0.   0.   0.   0.  15.   0.   0.
    0. -40.  40.  40.  40.  40.  80.  12.   0.   0.   0.]
 [  0.   0.  16.   0.   0.   0.   0.  17.   0.   0.   0.   0.  15.   0.
    0.  40. -40.  40.  40.  40.   0.  40.  12.   0.   0.]
 [  0.   0.   0.  16.   0.   0.   0.   0.  17.   0.   0.   0.   0.  15.
    0.  40.   0. -40.  40.  40.   0.   0.  40.  12.   0.]
 [  0.   0.   0.   0.  16.   0.   0.   0.   0.  17.   0.   0.   0.   0.
   15.  40.   0.   0. -40.  40.   0.   0.   0.  40.  12.]
 [ 16.   0.   0.   0.   0.  17.   0.   0.   0.   0.  15.   0.   0.   0.
    0.  40.   0.   0.   0. -40.  12.   0.   0.   0.  40.]
 [  0.  16.   0.   0.   0.   0.   4.   0.   0.   0.   0.   3.   0.   0.
    0.   0.  12.   0.   0.   0. -40.  40.  40.  40.  40.]
 [  0.   0.  16.   0.   0.   0.   0.   4.   0.   0.   0.   0.   3.   0.
    0.   0.   0.  12.   0.   0.  40. -40.  40.  40.  40.]
 [  0.   0.   0.  16.   0.   0.   0.   0.   4.   0.   0.   0.   0.   3.
    0.   0.   0.   0.  12.   0.  40.   0. -40.  40.  40.]
 [  0.   0.   0.   0.  16.   0.   0.   0.   0.   4.   0.   0.   0.   0.
    3.   0.   0.   0.   0.  12.  40.   0.   0. -40.  40.]
 [ 16.   0.   0.   0.   0.   4.   0.   0.   0.   0.   3.   0.   0.   0.
    0.  12.   0.   0.   0.   0.  40.   0.   0.   0. -40.]]